
0.6757999999999419
0.9552999999999111
1.1699999999998876
1.348499999999868
1.51019999999985
1.6552999999998341
1.7855999999998198
1.909899999999806
2.02559999999985
2.1403000000000922
2.243100000000309
2.346700000000528
2.4451000000007355
2.5294000000009134
2.624400000001114
2.7085000000012913
2.7959000000014758
2.8887000000016716
2.974100000001852
3.052000000002016
3.122600000002165
3.2033000000023355
3.2783000000024938
3.3663000000026795
3.430500000002815
3.5093000000029813
3.5838000000031385
3.654100000003287
3.7421000000034725
3.804800000003605
3.8865000000037773
3.9652000000039433
4.04120000000392
4.11430000000375
4.184600000003586
4.252200000003429
4.317100000003277
4.405600000003071
4.465600000002931
4.550200000002734
4.632900000002541
4.713800000002353
4.793000000002168
4.870300000001988
4.945900000001812
5.01960000000164
5.091600000001472
5.1915000000012395
5.26010000000108
5.357200000000853
5.45290000000063
5.516600000000482
5.609300000000266
5.700600000000053
5.821199999999772
5.909499999999566
5.996299999999364
6.112499999999093
6.227099999998826
6.339999999998563
6.451299999998303
6.560899999998048
6.699099999997726
6.804899999997479
6.938999999997167
7.10059999999679
7.229799999996489
7.3857999999961255
7.538799999995769
7.716899999995354
7.891099999994948
8.088399999994488
8.28069999999404
8.493899999993543
8.726099999993002
8.975299999992421
9.262699999991751
9.560799999991056
9.888799999990292
10.24119999998947
10.650899999988516
11.104999999987458
11.62339999998625
12.229399999984837
12.953999999983148
13.840999999981081
14.999599999978381
16.633099999974576
19.40679999996811