
190.0
134.5
110.0
95.25
85.5
78.25
72.5
68.0
64.25
61.25
58.5
56.25
54.25
52.25
50.75
49.25
48.0
47.0
46.0
45.0
44.0
43.25
42.5
42.0
41.25
40.75
40.25
39.75
39.5
39.0
38.75
38.5
38.25
38.0
37.75
37.5
37.25
37.25
37.0
37.0
37.0
37.0
37.0
37.0
37.0
37.0
37.0
37.25
37.25
37.5
37.75
37.75
38.0
38.25
38.75
39.0
39.25
39.75
40.25
40.75
41.25
41.75
42.5
43.0
43.75
44.75
45.5
46.5
47.5
48.75
50.0
51.5
53.0
54.75
56.75
59.0
61.75
64.75
68.25
72.25
77.25
83.25
90.75
100.5
113.75
132.75
163.25
220.75
378.25